image_width: 1920
image_height: 1020
camera_name: camera
camera_matrix:
  rows: 3
  cols: 3
  data: [ 2106.61567,     0.     ,   999.01883,
             0.     ,  2099.93242,   748.19886,
             0.     ,     0.     ,     1.     ]
distortion_model: plumb_bob
distortion_coefficients:
  rows: 1
  cols: 5
  data: [-0.578195, 0.226521, -0.026859, -0.006756, 0.000000]
rectification_matrix:
  rows: 3
  cols: 3
  data: [1, 0, 0, 0, 1, 0, 0, 0, 1]
projection_matrix:
  rows: 3
  cols: 4
  data: [ 1804.59839,     0.     ,   998.25339,     0.     ,
             0.     ,  2017.13477,   753.39717,     0.     ,
             0.     ,     0.     ,     1.     ,     0.     ]
extrinsic_matrix:
  rows: 4
  cols: 4
  data: [ -0.06949567174085494, -0.9970466502313401, 0.03268530054552136, -0.40970597376413964,
             -0.3571162705806795, -0.005728338372131955, -0.9340423734638815, -0.10343109460866584,
             0.931471052097613, -0.07658435481192019, -0.3556634866024452, 0.040482604260132844,
              0.0, 0.0, 0.0, 1.0]